1000
13.135888 16.456608
22.608660 41.622336
12.487405 74.992462
15.637032 114.621432
24.023908 143.645790
24.437239 174.200311
24.326845 195.016206
24.370964 227.252259
9.725624 273.827094
21.153980 299.058192
18.915670 325.363973
14.416290 364.473547
12.140376 389.491403
8.261525 414.774796
23.453317 454.254365
17.499006 486.757066
24.105155 519.355478
22.406358 538.067260
10.283316 584.801404
18.002926 610.800088
21.644955 637.615986
22.550857 680.180902
14.225840 700.934598
20.685468 731.095044
16.243049 772.763446
7.162595 792.149212
7.701885 827.409549
13.150056 850.786889
21.497564 898.317904
11.185404 926.104974
9.041871 959.534380
9.666920 987.525980
48.170876 14.381346
41.877235 49.000274
53.705346 78.724242
37.858410 114.772989
52.907457 141.121557
45.010871 179.060821
48.695284 201.733392
47.959442 234.211534
39.887422 256.645328
39.317367 294.395471
52.579329 336.600834
45.852837 366.930685
39.301391 395.947556
44.718949 423.662070
46.183497 455.772252
47.079823 479.991950
49.487895 509.930443
46.168937 547.959978
49.580317 584.883933
51.293729 612.241054
50.902629 648.328010
55.436025 673.244728
41.276263 700.238784
37.768620 731.231680
49.556388 766.815333
40.245203 804.458873
38.695935 822.423254
47.358672 859.341453
52.637300 898.804381
44.892955 916.709110
40.060412 943.862828
42.857253 990.344390
79.974795 7.693452
73.140068 48.515201
80.918736 85.181675
83.075677 116.084360
80.070891 131.385789
80.970915 179.514511
79.322606 196.913900
70.646381 238.455310
73.307916 260.929851
80.135232 299.223252
78.944737 320.519918
80.635339 364.970951
83.535671 394.983311
69.587697 426.542159
77.556803 456.001701
74.336913 490.552075
77.013021 517.662440
70.140491 555.969352
72.629500 569.479993
79.539335 601.000548
70.432167 635.085399
87.086963 680.509691
78.628008 695.915571
85.249676 734.981786
79.447611 762.006748
81.366693 794.922098
71.573482 821.537997
78.911982 852.298952
70.225425 894.499918
87.185040 918.831976
81.044019 950.233473
77.242876 978.595943
111.303786 7.015236
115.696604 44.754596
115.883433 73.257461
105.638443 104.502873
102.800419 146.622753
104.652650 173.132554
104.686509 207.808393
114.063760 225.563426
100.684102 271.495198
116.145672 299.297185
112.220956 326.958902
104.961939 360.680341
101.093929 383.357222
108.255910 416.640072
106.085403 454.235710
113.430316 480.201544
116.688117 507.244028
102.921959 549.857115
115.194197 577.197132
111.877405 616.986794
116.147662 649.637324
111.460053 677.473264
113.953703 705.536039
110.346433 742.864957
108.810225 757.428717
105.780255 791.728622
116.699732 825.457296
108.538182 861.281298
103.464169 892.769794
107.237490 916.570488
110.427704 960.142594
113.345613 984.598032
134.107898 9.000565
133.100233 43.974770
138.571227 73.454127
148.591063 110.689042
148.189165 143.592167
139.852430 171.012844
143.818395 210.146616
145.098771 228.958376
137.277432 268.907151
146.077218 300.855077
139.800204 326.518679
132.487000 352.786546
140.051217 397.292301
131.476259 420.058795
144.953135 453.290716
148.484717 486.712615
131.662603 522.483995
149.357138 544.566827
140.201238 576.438438
146.211714 606.402606
146.408284 647.825013
139.845819 663.239298
144.575010 705.049757
143.645893 734.060771
145.034320 762.838629
141.551994 789.638231
133.701709 828.676450
146.741251 853.935441
145.640089 889.148790
138.134620 917.060903
149.682871 943.986790
133.941585 989.723220
173.441607 10.707232
176.293741 47.398390
175.286255 84.622722
180.686954 114.645332
176.754232 144.176963
173.520166 162.505445
174.575452 209.199636
163.170004 226.314564
176.829049 257.621009
178.875349 300.559840
168.084253 327.956695
178.760732 358.084486
167.923972 393.119201
170.549254 417.594469
171.883597 459.984325
177.524535 475.785127
177.129578 520.071786
180.578652 549.393608
164.617883 583.644167
168.245116 605.612545
164.504835 641.538782
165.111484 669.249118
165.542921 695.367622
177.715270 727.947301
169.823738 770.961957
178.533985 794.853884
168.600499 835.064178
180.376838 866.275041
175.757546 898.846673
175.289346 916.946181
179.632502 953.795978
176.294575 987.781977
205.073932 12.554484
208.813656 47.059726
206.349298 86.494953
197.994882 116.932420
196.699378 137.821709
205.649627 168.715840
209.992506 203.177318
207.294943 238.186369
205.672538 270.644794
208.384054 290.215191
206.633134 332.927794
206.525104 354.183366
206.631505 394.828040
198.700775 423.792763
195.307399 448.981706
203.983571 483.358516
210.423781 514.316009
197.150026 550.197235
195.308453 578.948658
211.254746 606.053339
203.947853 641.332185
205.840394 677.621231
208.525742 693.999542
207.239513 737.292463
201.821017 759.767456
197.140637 790.138444
203.905549 835.593895
204.650451 851.593958
203.995845 897.439128
196.232412 915.419672
211.316578 946.656202
196.689872 989.476722
241.418067 15.268202
232.385471 42.264776
227.351630 73.503916
226.445972 108.921089
238.032769 140.800119
226.885148 176.251574
242.551866 194.498846
227.151689 225.071528
231.208190 271.707012
235.126713 288.442321
233.783062 336.402799
239.819161 368.615809
241.703983 395.216370
243.316523 419.451521
226.115037 457.395668
242.906965 493.477261
232.827448 521.753176
239.242778 555.862621
232.302835 576.060284
228.568595 602.067154
227.941454 634.918051
229.967621 673.671769
238.011475 710.089651
232.365444 740.846337
239.457614 770.737330
237.052234 803.109233
227.406217 829.748511
228.013574 863.778777
242.616901 899.952481
225.188592 915.490665
241.080534 956.977902
227.817143 987.938786
269.791879 19.638648
263.290382 52.425156
262.373557 73.125154
265.870198 117.326406
266.947126 138.251668
268.099302 172.802776
261.330304 206.083032
273.596260 235.097239
270.982062 266.318384
273.197404 301.893050
258.339917 331.349917
266.439468 363.964033
272.965271 395.034761
263.875234 418.998468
271.917939 451.988053
257.559895 476.865705
268.240033 513.415635
260.019366 550.670567
272.534538 579.722095
264.967568 604.853921
269.914920 642.666048
272.005591 674.526736
273.243524 699.942259
268.754371 738.625215
266.788988 768.580906
266.553255 791.175489
267.496571 830.261289
257.301778 855.347603
257.267482 892.224951
263.134785 913.014644
273.806198 952.395213
261.821473 987.331781
302.297873 6.835011
290.110744 44.468167
289.248378 83.587006
290.762619 102.240144
294.659594 148.667247
305.676719 171.238714
305.009100 194.917870
300.619267 227.021525
304.697328 265.697458
293.557431 305.853050
303.481686 325.577070
292.960202 367.006198
303.786370 388.996745
305.262452 423.646733
289.931982 452.261897
300.578438 492.178350
290.796041 506.774766
292.301655 551.226187
291.483915 579.327090
303.089837 608.677432
301.282812 645.514411
298.524086 667.400873
293.583159 704.939046
292.935192 743.422993
304.751086 756.348010
301.481915 803.830006
300.152021 819.221455
295.820921 855.307880
294.771092 884.100748
296.170116 920.351981
306.104190 954.729414
303.568721 989.979638
325.029087 7.328402
319.076476 45.157324
326.017016 79.915598
321.161943 115.827703
320.988087 147.887401
333.853811 176.946500
336.175658 194.384864
321.584132 227.301429
335.056389 269.052257
324.888928 303.959365
334.988721 336.880961
321.941351 354.148805
334.683406 399.443648
332.312818 418.588981
328.402792 451.373300
335.658631 485.069416
335.327745 523.383907
326.280850 541.135602
324.627801 571.892774
327.056923 606.922624
329.507365 648.492076
332.790247 681.130282
329.747280 696.718752
326.549163 729.635579
323.518731 760.788394
320.896724 802.754254
324.847753 819.930291
323.769859 866.437160
325.230180 892.133615
325.071575 931.040569
336.613741 945.532498
332.181443 985.421583
360.937163 24.673627
361.381626 53.936935
361.029965 79.638277
355.668463 111.292587
364.931842 148.883733
365.908680 176.504947
367.576218 197.384407
367.032309 236.237331
352.282907 264.214968
368.673451 304.390372
354.984135 332.976763
358.679542 359.818695
356.004016 382.364227
353.142413 419.984591
358.674247 450.299334
350.278589 479.308126
362.546728 523.412300
355.487312 553.880091
356.969006 580.389898
366.356264 617.306029
360.627264 639.777124
366.135026 675.618906
361.205816 695.162950
364.131934 737.117281
363.559701 763.463425
350.357406 795.090448
362.536784 831.696573
359.644271 859.456465
354.112703 892.741406
360.049224 919.343300
362.508035 952.693511
354.552236 989.046471
396.352030 23.659636
389.252322 48.502278
390.361260 70.426188
386.456507 103.083768
399.830204 131.327430
386.236560 176.279135
381.358347 210.999150
386.282185 242.643912
385.044024 272.913870
392.182563 297.050550
398.920266 324.625861
399.559658 367.733085
396.132181 388.380148
394.118624 416.280152
390.400063 460.187111
398.930358 490.793467
384.065162 523.462394
383.277471 548.176546
398.761039 580.589387
396.120931 608.722323
395.213356 642.828723
382.680291 672.283073
395.711741 712.353092
397.250571 732.919711
384.108420 770.267442
392.262635 805.793377
392.883477 823.185627
386.284506 861.664972
383.161001 890.291481
398.016369 918.795953
390.458758 960.786133
393.481844 991.447968
428.226462 18.857306
417.149189 54.431554
430.192958 70.681485
413.327703 105.456295
424.895820 137.498405
421.255223 170.584207
416.747475 201.819396
428.295671 230.181713
426.615288 265.546730
422.868511 305.516812
430.337840 319.469770
426.768568 358.536559
414.599066 397.265791
424.275351 430.062898
421.738463 456.638671
426.910010 475.571939
419.200762 506.392609
419.742496 555.826351
417.676997 580.609718
430.949451 614.101112
426.029823 643.886956
430.524192 677.260592
421.961614 700.528009
427.252584 736.079911
425.161252 766.543294
416.415991 793.863530
413.209116 822.770742
429.133226 860.717914
419.555245 885.954419
421.615260 931.111286
418.304740 959.289305
416.870484 981.487523
444.574462 10.657046
447.537949 43.570670
445.457053 77.577973
450.307593 113.081060
444.005170 133.536238
454.645997 180.861908
454.376234 195.423626
452.469561 233.913581
454.349094 270.105126
453.719299 299.365279
459.158108 320.084310
444.865204 350.837764
451.595429 388.208599
448.113402 415.708306
448.331925 450.862569
445.818651 478.177531
452.020560 514.265490
461.283986 547.596327
446.322309 574.916422
455.584560 613.625707
460.761741 637.354462
444.235482 674.502476
444.811023 710.075906
447.422390 729.916481
455.480582 761.642284
450.963054 804.173020
454.943305 820.914946
457.466789 863.801859
460.156365 893.719145
445.952839 928.918504
457.137492 945.156313
461.873811 985.733679
491.245784 7.052602
482.341861 49.729122
492.851606 70.675260
491.544249 102.099837
478.756927 145.393181
483.356196 178.924027
477.538428 210.972037
492.074711 242.266129
479.489055 261.469895
478.194290 290.561447
488.072988 327.310846
482.826195 353.824632
475.488554 389.498732
477.469679 427.142902
475.853975 448.380759
478.265259 479.963802
481.384322 515.925515
492.651608 545.297276
477.288215 582.472137
484.971661 610.851293
479.598194 644.593588
478.216199 667.446252
485.177380 696.951463
479.244891 743.005999
488.826688 760.930520
475.150958 792.995238
492.185132 828.813851
475.871608 865.306400
477.751571 896.736620
483.678037 928.329258
485.099524 944.059601
486.469008 975.430537
508.195709 9.784087
521.359835 46.147174
510.265016 81.751832
510.884111 116.233810
515.287891 149.019710
514.864449 169.857040
516.502693 211.070813
524.216748 226.337888
516.172860 266.379998
508.918258 296.359854
513.017067 332.007553
508.093139 352.426182
507.212121 383.464289
518.805715 430.037035
513.312462 457.195199
509.737279 482.210830
510.554016 509.843812
509.979532 549.999871
517.332325 580.819311
519.299653 600.447970
524.159847 644.509843
522.902650 680.703584
520.576941 707.340983
522.782085 741.650554
517.007804 763.527556
520.887287 802.743870
523.346270 831.300405
524.759537 856.584019
518.633189 887.408333
523.335889 926.477791
507.464460 959.630869
518.802743 984.956695
540.859700 17.263647
540.564442 41.561011
546.852952 84.500744
553.025998 112.618879
538.271401 146.023947
550.029205 167.092884
554.644209 208.207184
541.281160 232.387487
547.709368 262.955292
547.146738 290.990203
554.702592 327.255872
540.173665 367.528482
544.655533 381.788626
549.756707 418.219554
542.784489 447.711291
549.357225 475.219601
542.055552 517.681901
550.567136 545.626282
537.871512 576.980755
549.300045 608.695543
553.003690 646.701412
544.208514 674.026609
539.200613 711.518577
546.650329 741.241455
544.928093 761.637129
539.275102 794.621930
540.011074 821.216012
539.616966 852.088934
551.517214 883.567260
556.218640 916.699683
556.017878 960.779919
540.853630 989.872118
569.477006 19.530037
569.410613 51.949095
572.239816 72.195727
586.563760 112.870377
575.239211 137.904088
573.910889 165.353632
577.147282 203.355697
584.098859 238.964713
577.866640 266.822334
571.576694 298.478503
585.451460 322.042027
581.752638 356.768423
574.568148 399.702317
577.122931 430.313093
571.977835 454.235483
574.292610 488.856763
573.540579 514.136742
574.010109 549.017427
580.309836 582.367049
569.569200 615.064252
583.990798 638.392679
586.538393 678.888378
569.616093 702.162755
570.752265 728.174635
575.139079 770.853699
578.401035 801.198678
572.496527 827.391475
575.611072 862.878184
586.083463 887.879430
583.862045 917.133781
577.327822 951.776448
581.789282 988.723382
605.612169 18.605131
609.775104 51.775426
607.663187 70.288467
604.426509 118.645842
617.157029 142.918529
612.250970 169.090442
615.860207 205.542710
606.121967 240.042481
616.385658 258.399323
607.300964 289.639007
618.643031 323.970420
608.231622 352.427866
605.769013 392.493857
600.974720 423.063996
613.117672 455.880693
618.192627 491.782412
602.495259 518.138583
601.762791 546.637217
600.339388 586.624765
607.765973 602.593505
609.382117 636.262433
616.582117 664.494957
603.787483 697.870506
616.530033 733.232126
614.561238 761.574126
618.050661 795.924360
611.114032 819.878867
613.206022 854.202622
603.434090 885.776589
616.403788 917.779112
614.005711 961.488171
604.999019 989.727429
638.910698 22.078692
637.840518 39.496173
632.389854 78.061136
635.245562 106.246301
636.063446 147.800899
648.498637 170.314084
641.079635 212.435057
635.426177 225.756852
644.298892 270.368754
631.599219 292.572306
636.030062 321.969170
640.940610 366.532958
649.819901 388.571486
638.651798 428.600532
645.415208 448.579100
638.304204 490.525580
632.585064 507.941703
636.992656 552.339267
645.758604 577.284225
633.525520 606.636869
643.000548 640.574154
646.695474 666.290980
649.861311 695.064933
640.602858 728.719324
633.338900 766.290065
637.050761 788.428335
646.469227 834.395850
637.526860 864.466342
646.941721 885.887370
649.209737 928.990257
649.466366 959.122865
649.769252 988.716263
670.198242 23.970395
678.757119 53.434774
676.013009 79.151021
663.440061 110.098283
677.919507 149.907325
675.860185 171.482489
665.688343 211.449045
665.474526 240.512326
680.962190 268.861362
674.159317 294.707936
667.706544 331.972433
673.223442 351.900923
671.087175 393.334023
680.436476 415.870010
673.227254 460.489378
668.297511 479.100761
666.486692 510.408357
672.695112 543.772735
665.793067 585.032292
675.387982 610.253844
673.654847 639.678028
675.418990 668.066909
665.188647 694.719629
671.571165 739.911895
677.988180 773.680479
680.297010 802.407162
676.726672 833.639025
668.667271 859.554021
680.356072 891.528671
669.375504 917.051129
669.751606 955.513196
663.661166 993.433640
696.279091 17.225786
706.315971 41.152884
698.284113 70.199846
700.706299 110.647914
704.536253 136.898335
710.211328 180.145646
712.200509 211.207736
699.481322 226.769633
707.710493 273.866299
694.892534 305.135337
694.376107 328.983351
698.441173 358.976109
696.117000 399.410808
698.723873 428.137014
707.098567 450.783928
712.076289 491.571683
702.042677 513.667005
700.701058 539.114267
704.378693 579.558878
695.169374 600.790651
697.721963 644.092577
703.817811 665.537037
695.574671 708.203998
709.618395 728.989334
700.574781 767.044924
708.900565 803.743824
710.196180 822.421531
697.263635 868.309895
708.272906 899.601565
709.368220 931.163203
705.354554 956.458000
705.958803 981.458432
738.019245 13.307937
740.033532 55.853542
730.304770 71.427838
736.270077 114.367388
735.528504 137.285250
729.119958 178.594899
734.202756 210.053494
738.169161 231.140618
728.455092 270.070354
734.594429 293.772616
739.752996 334.604107
738.130026 357.593226
735.140402 389.243794
738.999360 430.505924
733.159628 452.173870
733.544533 482.644860
728.209923 515.777393
727.795126 540.756894
728.675994 580.666152
728.926136 604.590440
727.208742 644.585429
738.789873 677.944398
729.560839 694.062813
728.554417 731.095229
731.029619 756.997141
730.793167 805.048589
729.960221 819.396182
737.283645 866.474273
728.085237 888.622742
736.314738 925.272928
727.108649 945.003893
730.740607 976.167582
774.139133 10.847063
762.587289 46.793308
766.763242 82.779687
764.839948 117.431012
773.386585 148.530274
771.191766 166.844006
762.157449 208.494942
770.879141 242.477786
774.429915 259.512772
764.047275 289.522049
772.242641 331.405774
773.707430 364.274460
774.367733 381.457156
763.709837 427.044569
774.150245 449.405914
764.046136 477.572402
767.110042 522.764013
767.738396 545.881166
765.989877 586.717943
759.166051 605.421671
758.471780 649.823514
764.739692 679.013589
768.689736 699.798641
762.446875 727.700045
772.655580 773.465558
756.679403 795.366669
761.616867 829.901643
766.326084 859.288067
765.355038 882.861042
760.722197 914.159273
764.675597 946.050966
756.989167 992.366753
797.315736 21.290717
802.957719 54.299645
805.698004 75.480546
787.954832 116.230154
793.755877 142.459636
798.124163 166.203888
804.347280 205.075433
788.872694 240.252425
801.229476 262.814800
797.230231 299.465865
805.951020 326.735944
790.769197 352.875842
787.842627 391.747408
800.182978 422.351585
801.334041 449.991570
793.117593 480.149928
801.619124 522.916035
797.439548 547.377890
790.254802 575.404369
801.409736 610.670251
794.097001 636.337251
794.098770 679.181757
799.153585 699.859561
802.649166 727.671808
802.662497 766.043819
792.121512 790.485352
800.454502 822.307581
788.848408 856.606245
801.416833 898.888878
795.287131 919.341529
790.922453 950.278676
798.409099 977.593479
837.306031 8.792063
834.285139 39.681938
826.033997 69.695915
819.732630 107.497224
835.880612 147.051900
820.070314 166.745482
827.750532 202.043472
823.819185 230.278733
822.682148 274.780254
822.579663 302.850754
832.721999 332.292903
837.145131 350.164346
819.402391 397.503954
819.860367 420.858938
826.567468 455.457534
832.724288 492.208659
821.823926 523.129551
829.097011 554.481144
828.357543 574.007303
820.762114 605.009100
830.330476 638.671095
834.964927 674.820904
825.855573 711.451716
821.139881 742.083260
828.455113 761.753346
834.789789 788.745143
833.779632 821.358776
818.828387 865.783448
834.306162 898.795212
824.835745 928.288708
829.494009 947.133147
819.454210 987.363053
864.781995 21.852099
858.233948 55.121983
850.434167 84.784705
864.323798 116.611807
855.332063 144.972805
867.340611 164.378605
852.251168 199.277319
861.843966 243.156350
854.733812 257.732841
863.011062 294.132709
857.506978 320.064211
857.524629 356.962269
863.851574 382.332077
856.238509 423.009707
865.143991 460.208376
853.788436 492.458082
852.189369 521.575057
860.900033 551.859241
859.576522 583.833748
865.161447 610.067169
862.118231 639.844163
860.588565 679.022776
861.795508 699.223934
863.173411 725.774708
854.441926 765.506676
856.950423 795.837860
860.178423 826.369793
861.649348 861.678705
856.196966 899.649541
863.540818 918.433506
851.553781 953.953519
857.187191 987.360703
883.253110 8.912884
893.055793 45.002828
893.529699 79.469106
883.306395 109.314442
882.024926 143.444903
883.583595 176.509146
893.617032 211.928528
884.060806 239.155934
884.153811 267.879426
894.116934 288.079490
884.259327 327.726693
885.656360 362.518304
885.451809 391.304288
897.895253 415.321823
887.015791 456.560454
890.461731 481.308803
889.090658 517.329826
897.613445 544.450378
889.035885 578.393847
885.917412 617.350111
890.351373 639.818697
891.654184 665.470163
883.630501 698.273458
889.759322 737.013002
888.816802 770.631729
887.732067 801.578824
881.358399 830.053527
885.122744 858.860521
886.554802 896.550907
887.941173 923.578497
891.023394 953.915504
887.848654 992.815502
915.327215 10.849760
924.500744 52.978034
926.220078 71.553434
912.869169 107.785559
915.194354 140.253528
924.604995 167.875891
929.217596 195.485774
921.392239 225.762589
927.462362 268.211138
913.512880 297.130565
915.718578 326.317983
922.388068 364.289858
926.227726 394.392412
919.827906 418.083904
922.234208 457.892807
924.477605 480.908835
918.106220 519.270214
931.050283 554.456788
925.345603 582.442963
917.778510 617.026899
926.805109 636.818864
924.899144 672.704966
913.976088 711.668385
915.912865 741.547244
923.455633 765.600811
922.195779 803.739853
921.251935 835.113380
927.480421 859.194058
922.007344 886.998975
912.868760 915.440299
917.602023 960.822524
917.002327 980.242842
958.764143 20.518949
947.497522 55.048656
952.292952 80.343621
957.987325 112.748142
953.469094 137.926419
955.847398 178.113968
948.293346 207.728408
955.707314 240.984235
961.767650 274.033499
957.682292 297.389295
945.006347 330.889986
947.877779 363.126606
947.261492 391.924760
953.555653 417.284666
949.582923 460.967329
954.648686 482.831039
952.966029 518.881229
948.375930 544.199721
958.115226 572.505229
949.033901 602.921930
957.737730 647.904213
947.076848 677.522792
958.460722 707.351115
954.991711 733.059983
952.888091 773.720493
956.180457 797.375017
956.608228 819.173766
945.995887 864.425679
951.252491 891.703347
961.895995 921.769561
961.033125 956.666586
958.171415 982.254312
985.851443 20.140480
993.165279 40.861824
987.003642 84.135479
980.626846 110.829265
985.855288 138.215169
993.624700 179.299525
978.055022 212.419278
980.837826 240.407287
