1000
17.303823 15.101727
17.229259 49.530020
18.399590 79.307301
17.331127 112.413430
14.527424 140.712998
16.518060 172.887799
13.648206 202.876484
18.563423 234.826000
13.718268 266.638131
18.586472 298.290139
18.711292 330.255439
12.528306 362.421070
15.834834 393.193117
17.238206 419.543071
18.463323 450.289803
16.773961 481.274367
15.304105 513.414338
17.083694 545.546559
14.075750 577.876107
18.401209 606.927480
12.808271 642.498838
12.836563 671.506122
13.557403 702.866806
17.592609 733.539421
13.011092 766.677133
16.116751 794.059606
13.164254 829.849819
12.984909 860.166129
15.047391 887.745191
14.173988 923.348755
17.261659 951.450148
17.957530 982.358394
49.557980 16.454802
44.062869 43.925980
46.095375 79.370518
48.566638 108.430224
45.775885 141.674013
49.346259 172.341707
45.807397 204.985008
48.061820 236.980470
49.826979 264.320489
48.064326 299.501670
47.392100 329.446119
45.761593 359.432229
49.961682 393.347535
44.099545 424.323795
43.766626 454.286164
49.241169 485.502729
46.216249 516.926541
48.223369 547.692813
49.899718 578.657314
49.142030 609.379215
45.371157 642.790390
49.644264 674.833890
47.242728 700.224166
44.289045 732.326374
47.809602 765.228287
44.981792 797.555504
45.693078 829.779282
47.696505 862.169388
46.544190 887.705367
44.625901 919.492256
47.389950 951.262462
45.512255 981.893589
75.603477 17.704269
80.544207 48.957609
76.158326 76.898589
80.408914 107.169890
79.286989 139.122483
76.787076 173.947917
81.220227 203.230000
79.909305 235.364414
80.911852 263.282056
76.704539 298.144253
76.551507 330.342188
75.818549 361.140139
77.427035 389.298673
77.602301 424.665164
75.049799 450.576868
78.048072 484.016429
79.821315 517.038994
80.628485 544.310959
78.525178 580.455142
77.553699 609.425767
80.173522 641.655751
77.782456 671.531126
80.484362 704.593400
77.339010 735.280450
78.883194 767.908042
76.204197 796.302509
79.651662 826.848218
81.114596 860.545165
75.838439 888.486634
79.113085 924.472029
77.042567 952.886181
75.965772 983.347639
107.932761 18.157975
110.285445 47.501256
112.335948 78.455225
111.839962 107.433507
111.520661 141.697239
107.470033 174.911336
108.556681 202.902257
108.526577 233.648419
111.371065 266.367730
109.944833 294.604337
111.611217 326.919286
108.584467 359.265188
109.437724 390.102792
108.437528 424.894624
108.200901 452.690815
108.181306 486.977654
110.453378 513.073270
108.995420 547.174067
110.156223 577.685968
107.825080 607.589348
111.507341 640.987342
108.826065 669.994803
109.413772 703.246792
107.022243 733.216943
112.374097 768.027587
107.364533 794.537541
111.494227 830.448381
111.716586 860.932469
107.726362 891.048441
107.841580 921.067879
110.583180 952.738922
107.375195 986.165131
139.810437 18.539301
143.005133 44.324352
138.587072 81.192943
141.337211 110.766727
140.498441 138.383100
143.382758 172.506622
139.998621 202.107474
142.917526 236.584302
138.663813 267.298902
143.217555 294.280947
141.561127 329.877943
140.908151 362.052750
143.519644 391.558571
142.746920 423.349888
140.995114 450.218343
140.243757 482.449597
140.640782 515.974401
142.882251 549.186523
141.577270 579.544158
138.471444 611.834131
137.582044 639.947489
139.956879 670.337946
142.495272 704.660747
141.879391 734.518252
138.720690 768.703125
138.769460 796.226864
137.873191 827.435536
141.259807 862.244668
138.698148 893.703430
139.768577 923.209306
138.203866 954.756834
142.863006 985.986119
173.444243 15.017156
170.343963 48.765971
168.813688 76.654319
172.304233 107.193983
170.098665 139.878378
172.772101 172.172591
170.439384 204.224586
171.492353 234.465056
172.971728 265.968284
170.743896 295.689208
173.774149 328.921192
174.613705 360.117751
174.656506 389.089745
173.409267 419.760334
174.180362 454.727662
169.649286 484.853498
172.543777 515.636977
172.809740 549.888727
173.980431 580.549026
171.771392 607.694378
171.149927 637.876078
172.783282 671.220831
170.645313 704.440304
173.375481 731.508738
172.141298 762.843373
173.159132 797.485553
168.906063 827.266926
169.878198 860.818302
171.896989 887.927914
174.781096 920.409808
171.299010 952.958281
174.814382 984.839917
203.890823 14.448534
204.043212 47.227291
204.086537 80.096791
203.318968 108.323206
203.274701 142.717262
202.352271 173.338915
206.099307 200.391068
202.828865 233.294502
205.620072 265.246963
202.700176 299.009955
201.174418 327.354576
200.815495 357.891372
203.801191 392.131211
201.045718 419.490702
205.472135 454.145988
205.845513 483.733360
203.733575 512.698391
205.612421 546.091245
205.972481 576.793380
201.351676 609.732997
205.983807 642.757837
200.913726 673.621362
204.322464 701.252339
200.803522 736.067611
205.507716 766.873951
205.153823 797.336554
205.505396 828.019067
202.136034 862.382844
206.129063 892.592774
204.853080 924.485008
200.038191 953.543090
206.084987 981.727841
231.322341 18.425487
232.672274 49.474424
237.013335 76.695933
233.063963 112.432927
232.234523 142.826338
234.246292 169.652208
234.745364 206.151457
233.019150 235.609403
231.418479 265.776655
237.310076 296.242236
232.989928 328.409538
235.861308 356.264572
236.126929 392.915143
236.285749 421.934119
234.570019 452.802043
236.632743 483.826086
231.606926 518.246706
233.867121 546.840877
237.498829 576.889411
234.868455 612.176113
231.805809 642.582703
233.691763 672.760646
232.823471 704.940914
235.564260 734.647900
232.927815 764.810020
235.270991 793.759576
234.910213 830.068711
235.284295 861.623923
234.075776 887.769634
234.015953 922.777067
236.473593 951.485729
237.158718 981.487068
265.307516 15.075065
262.892505 46.381187
266.524910 77.774488
266.310552 107.377107
266.746178 139.742678
267.794666 169.750010
263.961321 204.901776
268.501153 236.425703
263.118017 268.249105
264.316647 298.222513
267.724078 325.542816
267.594077 357.232315
265.109180 393.008732
266.306340 421.070336
266.412498 452.907213
267.585528 485.600253
268.591473 514.561268
267.373016 546.968802
264.659769 575.549200
265.422532 609.212295
265.802270 643.212763
263.234030 672.920893
263.837250 700.949484
268.076375 734.432677
263.779202 762.596122
264.753921 795.810483
268.347025 830.026814
264.573558 859.146622
263.570227 892.980352
267.118768 922.908010
265.095331 955.280852
267.633666 982.607345
296.055411 18.417619
296.751961 45.205663
298.483727 78.481220
297.442795 106.428910
295.694536 138.151607
299.404649 173.622878
297.778835 201.228188
295.348160 233.885018
296.242881 266.248345
294.690594 298.235652
294.491554 328.027563
298.464005 359.796212
299.345352 388.502666
294.696451 422.262727
295.134124 452.792490
299.259335 482.789634
294.172652 516.565905
297.739479 548.472762
294.398842 575.031713
297.090563 607.637996
298.913657 638.186619
294.245668 673.441914
294.556001 700.926927
298.200860 733.523089
297.707951 767.659740
297.151346 795.448015
294.806191 830.878879
294.136138 857.426591
298.645808 888.968285
299.344167 920.123711
295.058218 955.795379
298.668093 982.579947
330.827247 17.924632
328.048591 49.891753
328.145421 76.497901
328.973799 111.693562
331.039139 141.276085
330.173934 171.066074
327.076882 203.433287
329.849634 234.545023
330.008783 267.496739
326.038329 298.398489
325.866065 325.010545
327.937761 359.365286
328.306886 392.763433
328.715162 419.085547
326.418758 455.352148
328.829993 483.352364
326.528696 513.668239
326.756622 546.451045
327.997454 575.927385
328.037495 609.330180
328.535631 637.566070
327.493723 673.094051
325.958393 704.191782
330.637903 736.992987
330.685756 767.582434
330.912749 794.191330
329.588524 825.383403
326.804326 856.527097
325.937017 892.218714
328.062357 924.123316
328.521022 953.943276
326.475269 983.265200
356.754735 14.565109
362.089745 47.666751
356.544696 75.691874
356.347893 107.073623
359.433387 138.218383
356.306185 169.950521
361.350718 205.451255
357.090858 236.029172
362.337434 262.653767
358.865329 295.622461
359.930732 330.614162
358.038138 362.235118
357.084088 388.084340
357.528571 420.361143
357.412740 454.631153
359.264018 482.243703
359.281199 517.517984
356.674948 548.521563
362.185882 580.815176
357.197308 608.193093
357.483657 642.822817
358.285105 668.767350
357.534723 701.147034
360.575709 734.371295
361.267946 763.995895
361.305077 797.405851
358.361916 829.261414
359.972201 858.854918
359.186475 891.793694
360.091966 921.532569
357.987551 952.809844
361.977161 982.183548
391.270606 14.475532
392.595409 44.926159
388.957747 75.216355
389.486457 110.240929
387.966663 141.583734
390.888138 171.560898
391.362596 205.952758
391.266631 233.671359
393.734867 265.076166
390.395417 297.009351
389.049734 325.497280
392.439604 360.039543
388.271311 393.302175
389.931446 421.031075
392.842261 454.606370
389.642413 486.294650
393.738735 516.703234
389.384930 548.050786
388.840883 578.873776
393.742235 610.734972
392.985830 638.614991
393.525507 674.207067
391.644296 702.626779
388.360062 731.608927
392.007693 764.066202
391.870062 798.877774
393.162760 830.045341
389.572519 856.311385
390.772602 892.427445
389.562973 922.896014
391.694051 950.010530
388.106700 986.355798
420.737781 18.432838
420.491614 46.109439
420.054459 79.849672
423.471531 110.171777
420.614987 142.080394
423.242047 170.202385
421.701451 205.412397
422.590249 234.811103
421.511465 266.085344
419.020745 296.218517
422.544960 330.524712
419.394699 358.564467
419.709412 390.486107
420.146230 421.833707
420.055681 454.189558
424.699778 485.826849
422.715579 518.598535
419.993567 547.644565
420.910006 578.314229
419.824600 607.046578
420.952409 640.446785
423.391560 673.221236
422.616166 700.198433
424.289259 731.552397
419.853365 766.272016
421.777855 798.609790
418.963610 827.776569
423.969098 861.241991
419.492363 892.733074
424.479731 920.868294
422.213797 953.176855
422.052512 983.976543
453.020375 14.877817
452.600382 47.811575
450.470661 75.805452
453.159226 107.959450
450.532487 142.426153
455.563949 170.348247
451.231584 205.851240
454.669433 235.357023
453.399529 264.173102
450.256152 299.772613
450.420189 329.784862
455.404234 356.564292
455.873784 392.984319
455.514794 420.568209
455.036641 450.656051
452.741422 484.110411
452.535674 518.097996
451.051098 546.249852
455.724703 581.130978
453.106812 608.769286
452.474657 640.121131
452.199437 670.030211
450.969226 701.824154
450.765078 732.347267
450.040337 764.622847
454.346418 797.878472
452.602142 827.885113
450.505468 858.142695
456.139928 892.872282
454.232693 921.063068
451.373563 950.547307
450.754055 985.003309
485.181981 14.160249
481.296458 47.066024
482.119773 76.121392
486.907307 111.000625
483.824812 142.712210
485.407971 173.957586
485.425569 201.294844
485.471631 236.746058
486.743451 263.871427
486.433984 297.473260
484.065044 325.794560
481.533291 358.420095
483.115869 390.355220
486.489659 422.962344
484.084296 454.012690
482.367141 485.136457
482.992264 518.553733
484.899288 547.854490
482.541149 578.183506
484.383635 612.056599
484.458426 637.512484
481.531272 671.961849
481.494404 705.490619
487.066440 732.778832
483.072731 762.956075
484.328464 795.123098
485.456040 829.017684
484.037134 856.942448
485.428049 888.526525
481.414686 922.069317
486.139188 954.668486
486.685655 986.400259
516.395732 14.251141
514.829173 45.695609
517.722337 81.141050
517.815430 110.795796
515.465159 139.973132
515.745581 171.484104
514.031855 202.283386
516.858511 231.576599
515.889514 268.021285
512.980556 295.777805
512.753217 330.661335
512.665725 356.875334
517.033381 389.202756
515.559893 420.436844
514.734994 454.958117
514.259809 481.530335
518.280559 512.964970
517.138347 547.420146
513.505428 579.557773
518.577246 612.360475
514.625201 639.236726
515.316514 673.158658
512.864732 700.049574
514.540068 732.251198
512.729093 768.116689
517.652770 798.659828
513.661072 829.222892
513.493933 858.570089
514.843373 889.975634
518.709685 923.621150
517.230583 956.015185
518.590220 984.257258
543.854534 12.837962
547.592884 45.776571
545.541529 79.263577
544.746102 108.662251
544.908538 139.688198
547.526783 169.792347
549.404318 205.084991
546.043243 233.162110
548.422145 263.626505
549.744362 295.387714
543.767139 325.309640
544.972548 357.011418
549.853645 391.364059
547.232720 422.642121
544.967458 452.658218
548.553608 484.090441
546.708420 516.539794
545.648370 544.620555
549.425963 578.398316
548.198537 609.133500
549.276293 642.644251
546.959174 670.068893
549.744680 700.757106
544.370763 731.741612
545.765245 765.795267
548.724401 799.392264
547.020050 827.109033
544.138693 859.673749
546.098719 891.683923
545.642323 919.820279
547.074978 955.686776
547.837281 985.114463
581.189608 17.590808
580.239488 45.898479
576.015778 77.689442
578.301856 110.711322
577.746297 142.586131
580.829946 174.916696
578.852499 202.947753
575.595361 235.396297
575.549778 263.231914
577.607850 295.328125
580.970902 327.489133
579.058585 356.948507
577.268455 389.980344
576.233195 419.695589
575.809984 455.141582
577.820179 483.698042
580.825702 513.786389
577.505572 547.244630
580.363485 579.346581
579.970813 608.000747
577.999669 643.749688
578.719266 669.179804
577.619355 703.439586
575.530404 736.360348
581.177542 766.258358
576.713206 798.926159
576.962082 827.376705
579.587116 858.903936
577.956546 887.621761
576.350687 919.765308
576.503177 951.932002
576.045568 986.595953
611.268477 16.077044
611.405960 48.863261
608.144700 76.271545
612.180909 108.585769
606.282247 142.642452
608.436972 171.557310
607.508891 200.519276
608.324728 231.429264
610.926256 266.306562
606.475283 298.088881
606.708566 325.138523
612.169341 357.090930
610.824715 393.552195
611.968987 421.394802
611.520406 453.749184
607.033678 486.952359
609.167730 512.520518
607.072501 546.832599
610.715938 575.011850
610.125928 607.314571
609.531834 638.559312
609.019943 669.292688
606.407842 703.376114
606.337860 731.473133
610.305568 766.957615
606.250051 798.024550
607.210877 830.039696
607.884119 857.826715
610.174869 892.046050
612.309559 921.766298
606.605296 951.122193
611.526594 985.223161
638.976291 17.069719
642.674354 48.717029
641.628274 77.034767
642.489274 107.598226
639.543609 140.639545
642.401384 173.583804
642.928850 200.188854
639.885606 237.308832
640.814125 266.301794
641.443214 294.036182
638.105030 325.115657
639.008641 356.950074
641.365634 392.674367
641.627594 419.047240
639.710181 454.182287
637.929526 482.925223
643.639546 518.699233
641.502802 549.288193
637.646875 579.254455
643.626638 612.397780
639.528582 638.597201
641.224718 671.010762
643.097672 701.469143
640.292382 732.079654
640.071575 767.428553
639.070170 795.010950
637.554112 828.364841
638.140072 856.441774
640.434044 888.485814
638.429792 924.573919
642.345589 954.829350
639.137638 986.607533
672.528533 16.500125
669.572539 45.615060
671.361338 76.183930
674.803942 111.139665
674.523586 138.293459
672.149953 173.923318
672.209666 200.504147
669.219580 233.223023
671.544080 266.342994
671.865129 295.923539
673.253997 329.992640
670.137021 357.805059
671.225046 390.318733
672.044124 422.915098
672.749996 456.015067
669.895384 484.371818
672.179064 515.048082
669.348874 548.740526
672.516554 579.624653
671.603451 609.632142
670.547008 638.018056
669.654457 674.410089
669.860608 703.916509
670.317552 735.843998
673.948287 762.905289
672.325297 795.097364
671.122179 826.352829
674.694496 861.480229
671.435226 888.856571
673.780176 919.313922
674.652359 954.069055
672.868679 983.472399
702.584680 17.047969
701.164455 49.388215
705.017126 75.147309
701.782772 111.220695
703.573577 139.223655
703.187726 170.573734
701.514709 202.081761
703.255422 237.349152
704.068580 263.269220
701.633177 294.872072
702.950465 327.752564
702.431214 356.271385
705.576191 387.973723
705.619069 424.994808
700.723234 451.338166
703.705630 483.221081
704.938225 517.506066
705.764298 549.265989
703.056453 575.998061
705.487019 611.531402
700.124417 640.235188
705.849355 673.696439
705.297335 703.048221
700.375755 732.623671
704.248812 767.813648
702.036072 794.672550
701.779604 828.014369
702.932188 861.781042
703.939234 892.791242
704.704113 922.545389
705.673110 952.146067
702.860491 983.321722
734.884935 14.746912
734.017223 45.916039
737.490696 77.138028
733.505541 106.279106
732.578294 140.167191
733.724595 174.116494
737.407249 202.757031
734.996823 236.633274
736.902994 263.526933
732.251444 294.984590
733.811071 331.239097
732.069992 359.392130
732.834978 389.485304
737.259884 423.072220
735.800162 454.731799
731.525449 486.399446
734.866848 515.267962
733.052002 543.943586
736.896074 577.531829
736.219878 609.814483
735.101900 642.541810
732.818175 669.080847
735.548829 703.009273
733.603606 736.231561
732.535396 763.087659
732.377639 798.177317
733.318585 828.949803
735.854176 859.266140
734.450169 893.363601
731.901478 920.971978
737.331400 953.378853
732.798940 985.541100
767.044689 15.391978
768.033719 45.715380
766.537073 75.073010
768.610795 108.174039
767.904558 142.714174
766.526286 171.608685
767.082487 201.499454
765.225287 235.095508
766.824910 264.114272
765.012301 293.890028
764.783910 330.228053
764.149779 361.232651
762.863610 392.549337
766.344685 422.846678
764.511099 452.274761
764.391077 485.821566
762.583564 512.700574
767.608548 546.046842
764.081054 577.688974
763.815073 607.743787
768.622210 642.790864
763.418215 670.258877
763.503589 703.203906
767.200159 735.341274
765.277281 767.726528
767.841466 795.946696
766.563040 827.161569
765.971201 859.124358
763.235091 888.168239
767.944319 921.018022
763.303738 950.503427
767.302796 983.427836
795.016022 13.045208
797.538908 44.132692
797.762061 77.360917
799.872515 110.889763
799.756123 143.345881
799.185152 171.078686
798.471365 201.508282
795.581833 233.926028
796.342234 263.829191
799.799220 298.558790
798.122900 328.230741
794.360047 356.609671
797.859849 388.965007
798.525054 423.603819
797.606998 456.225092
799.222822 487.347295
796.609862 513.326346
799.633819 546.417803
796.847082 580.270340
798.967248 611.986563
799.267339 640.633265
795.868907 669.622774
798.056514 706.038237
799.596724 734.732469
799.653428 764.598169
795.102508 797.186012
796.939230 827.330449
797.464107 861.462312
796.730876 891.164842
797.781183 922.553370
798.093887 950.221110
798.571606 983.646784
830.886355 12.820320
825.187687 44.358027
829.561422 77.514919
829.783540 110.957996
825.564484 139.066046
830.163735 174.804741
828.611407 201.435899
829.143525 231.814412
826.343757 265.235421
829.424078 299.477593
827.623100 327.270742
826.753478 359.819301
828.265738 391.084965
825.337203 422.328625
825.891207 453.386055
828.960802 483.716607
827.403968 515.372234
825.123931 546.464169
826.839138 581.160547
827.168859 606.390717
827.195948 640.069177
827.329235 669.946753
828.581742 700.028841
827.617762 731.681163
825.940845 765.673866
829.858414 796.459617
830.027476 825.268110
825.165655 859.146629
826.253074 890.562343
828.919672 923.679709
829.221917 955.637420
828.158871 981.805320
856.250469 15.144544
861.039537 49.011255
860.015392 79.537675
861.097293 111.354916
861.960974 143.054805
859.845352 174.025247
861.369079 203.757620
859.772997 235.119102
861.155743 263.939065
861.877578 297.305021
861.389471 330.805930
859.378504 358.513108
857.908513 390.731902
859.794335 420.860049
857.215199 452.716732
858.094155 487.084228
860.929277 515.172035
861.577222 545.766235
860.931948 575.894345
861.987194 611.651497
857.235039 637.920041
859.489043 671.665878
860.152946 705.108349
858.351329 731.429492
856.579908 762.736199
862.303814 795.981249
856.348585 830.121193
860.446039 861.103267
861.066694 888.727872
859.666341 920.785208
861.523364 956.060627
858.248040 983.009133
891.114927 15.607902
888.682799 46.310468
887.566271 76.621625
888.569994 110.624333
888.262550 138.837255
891.746817 170.989560
891.471639 204.404877
890.224218 237.360114
892.422223 263.236758
892.176074 299.680761
889.597245 327.171170
893.258458 362.000819
891.725369 390.207750
888.867282 420.938999
888.049774 452.363331
890.801901 482.557999
889.974860 513.276177
890.907628 545.264637
893.125618 580.953416
890.481559 606.815560
891.200932 639.195222
887.564547 673.310153
889.886867 702.583306
889.353404 732.243801
893.407545 763.577434
891.406189 796.000553
892.861929 828.575776
887.569447 857.633077
893.182464 892.528747
891.485118 923.758049
893.289508 952.379096
889.663116 984.577922
922.299215 16.771650
924.934223 45.813428
923.651444 79.898422
920.744277 110.492006
919.893552 140.887274
921.025011 168.855431
920.920401 200.786638
921.140706 232.128049
924.927528 266.836187
922.778640 295.541561
921.252310 327.220493
918.826119 362.347172
924.970969 392.377288
922.671070 418.911749
920.876723 452.790869
922.771368 483.472867
921.315799 515.479770
919.207661 548.388391
919.835627 578.723488
919.508003 609.396290
919.061840 643.705733
922.288194 672.413685
919.609655 702.841863
921.241270 731.613579
924.260369 764.678707
919.212352 794.277392
920.916051 826.338926
922.956674 861.567847
923.736996 887.572041
922.147425 923.272443
919.597497 955.779196
924.986507 987.044556
952.599251 17.991419
951.994025 44.855611
953.994802 79.143230
953.182255 108.210503
952.150025 142.954109
952.194159 172.303323
951.880723 203.372795
952.821153 235.162728
952.013813 262.711018
953.797194 294.360303
954.781475 328.809608
952.966589 357.592490
950.109767 390.551233
951.648187 423.630328
955.815898 455.867017
951.036467 485.575498
951.116221 517.405886
950.113478 546.225441
951.696984 577.309649
950.015624 611.685595
952.346493 639.325979
952.759272 671.670480
953.395351 701.503557
954.634264 732.062100
951.528746 766.167087
955.085093 797.223841
950.540038 831.023810
950.072057 858.488127
955.001127 888.543248
952.401989 921.533736
954.628317 951.797205
955.016819 985.755154
982.192742 15.674752
981.611936 48.650021
986.989723 80.393533
986.260947 110.545459
982.147197 140.356799
984.598305 172.888673
982.811937 203.981164
985.896203 234.719334
