1000
0.803481 0.075313
0.806897 0.101623
0.546509 0.271252
0.579650 0.823797
0.661780 0.073233
0.295593 0.601506
0.968552 0.424685
0.271851 0.517098
0.869308 0.820246
0.238573 0.877865
0.963482 0.938883
0.709579 0.598185
0.741913 0.931888
0.817746 0.825781
0.901380 0.152534
0.154001 0.292518
0.139710 0.419049
0.625083 0.323592
0.035483 0.807167
0.274891 0.182661
0.876907 0.142998
0.095937 0.529243
0.792237 0.047021
0.502969 0.873837
0.463299 0.366795
0.911581 0.089902
0.741828 0.769246
0.508993 0.256215
0.117353 0.244708
0.499734 0.973391
0.406495 0.120887
0.270384 0.078106
0.463584 0.537371
0.038571 0.550349
0.544698 0.992679
0.627541 0.152577
0.064870 0.872362
0.790189 0.084814
0.008683 0.408615
0.615637 0.424655
0.673656 0.432153
0.263176 0.461160
0.226827 0.553289
0.469699 0.215875
0.969673 0.568632
0.154984 0.892153
0.855678 0.338505
0.135348 0.258027
0.266220 0.661483
0.218986 0.567936
0.346137 0.091377
0.231494 0.568204
0.848172 0.908494
0.359425 0.426366
0.755762 0.021464
0.822178 0.911654
0.147751 0.896276
0.624306 0.861058
0.813064 0.293502
0.452108 0.301111
0.651258 0.681759
0.492745 0.972315
0.307276 0.962518
0.705603 0.819421
0.906183 0.601980
0.509349 0.346092
0.366386 0.491259
0.676015 0.974731
0.614907 0.177452
0.707702 0.956006
0.912914 0.468033
0.653020 0.446403
0.651518 0.411477
0.704259 0.661731
0.458666 0.270342
0.998108 0.728252
0.422574 0.782070
0.223894 0.454042
0.031071 0.718475
0.483869 0.994960
0.654546 0.089696
0.668268 0.859571
0.807705 0.397090
0.790497 0.706548
0.451038 0.231794
0.000207 0.516377
0.434072 0.678857
0.777092 0.689189
0.742478 0.266222
0.236203 0.037661
0.302357 0.072540
0.986197 0.142401
0.162169 0.958018
0.408861 0.734092
0.575052 0.737750
0.332084 0.680995
0.328357 0.440446
0.776983 0.470763
0.368251 0.040363
0.955289 0.954324
0.391856 0.816585
0.730709 0.821409
0.717058 0.471641
0.220657 0.817414
0.041213 0.075211
0.915663 0.628140
0.934157 0.507688
0.288978 0.909151
0.642098 0.665071
0.809810 0.687391
0.118218 0.689740
0.157823 0.980683
0.287431 0.317519
0.704117 0.860007
0.350808 0.208499
0.402374 0.820650
0.782445 0.018152
0.872541 0.037503
0.664419 0.464455
0.417249 0.728038
0.903007 0.451002
0.180241 0.961977
0.049751 0.458247
0.628052 0.372465
0.573074 0.145879
0.440943 0.466281
0.683159 0.903748
0.155519 0.857804
0.922817 0.366902
0.625909 0.220262
0.270704 0.945770
0.504852 0.955858
0.864020 0.372425
0.866537 0.085861
0.082214 0.856421
0.152019 0.320712
0.974648 0.382021
0.554777 0.287659
0.613844 0.861781
0.503068 0.047961
0.761072 0.389796
0.221528 0.226506
0.927699 0.426265
0.523252 0.491231
0.719948 0.087731
0.723356 0.688079
0.682692 0.556573
0.701687 0.053721
0.420673 0.518842
0.824907 0.186296
0.687680 0.422454
0.042993 0.798617
0.514022 0.605032
0.207541 0.530521
0.213306 0.779622
0.966126 0.672103
0.336084 0.732482
0.486931 0.054046
0.060173 0.047938
0.027002 0.789469
0.540243 0.119900
0.045530 0.326453
0.993977 0.672961
0.109931 0.753658
0.847769 0.619683
0.494321 0.280113
0.580546 0.761239
0.501913 0.586203
0.905601 0.886174
0.479568 0.270362
0.483841 0.993239
0.960474 0.880924
0.510268 0.647544
0.895164 0.000579
0.465954 0.365231
0.339003 0.388752
0.709047 0.742304
0.964518 0.311928
0.433721 0.941864
0.214732 0.573659
0.903045 0.585706
0.567347 0.995997
0.714177 0.359133
0.920288 0.394187
0.472808 0.734045
0.663599 0.831264
0.610813 0.383350
0.153240 0.762016
0.757514 0.651706
0.197106 0.212313
0.219557 0.590822
0.842503 0.555773
0.562574 0.883074
0.404212 0.337874
0.619358 0.775800
0.694133 0.363831
0.151092 0.557675
0.907448 0.170751
0.943023 0.632172
0.972362 0.721652
0.244044 0.944122
0.320756 0.070226
0.141193 0.745123
0.285023 0.707273
0.559153 0.482257
0.952289 0.109618
0.930003 0.803851
0.529113 0.167337
0.850480 0.104287
0.070823 0.647512
0.620157 0.787841
0.386810 0.454077
0.898544 0.807038
0.490539 0.730570
0.261092 0.090559
0.108284 0.052221
0.960932 0.657344
0.737593 0.444902
0.505103 0.683052
0.400257 0.747528
0.113774 0.636372
0.398689 0.357594
0.884636 0.670596
0.216664 0.824142
0.822245 0.821737
0.172675 0.820236
0.978576 0.592070
0.174577 0.915659
0.901967 0.381218
0.515686 0.549932
0.761586 0.392944
0.284308 0.525889
0.815149 0.992138
0.458701 0.339176
0.732615 0.346436
0.999219 0.517768
0.955046 0.519176
0.262539 0.385172
0.642126 0.258653
0.336645 0.692566
0.841850 0.560466
0.751483 0.294477
0.981904 0.347057
0.743042 0.028162
0.779227 0.555626
0.877054 0.256999
0.607658 0.704528
0.954106 0.473444
0.196411 0.912464
0.216177 0.576698
0.990567 0.748274
0.138854 0.864512
0.067274 0.691375
0.493718 0.489029
0.527688 0.414630
0.674223 0.980582
0.424022 0.729682
0.642639 0.412159
0.944201 0.509703
0.694782 0.272315
0.449159 0.361903
0.794182 0.480327
0.769879 0.087511
0.483609 0.649743
0.094217 0.835011
0.858283 0.829176
0.351813 0.433080
0.217599 0.720612
0.820130 0.162231
0.119797 0.162736
0.702999 0.650082
0.087527 0.496491
0.368621 0.197455
0.516374 0.735762
0.968046 0.778611
0.434733 0.943180
0.270910 0.844153
0.955768 0.207988
0.562792 0.890846
0.438570 0.115409
0.864608 0.267292
0.117316 0.630965
0.966588 0.415054
0.894605 0.504544
0.497194 0.282071
0.033502 0.595929
0.225567 0.171333
0.769445 0.325705
0.201310 0.333676
0.641810 0.932147
0.087210 0.630513
0.353276 0.382420
0.603605 0.322353
0.415834 0.767888
0.416318 0.989418
0.148762 0.559604
0.627742 0.024940
0.955108 0.413737
0.801803 0.037637
0.871120 0.880466
0.088235 0.070669
0.512566 0.204315
0.753802 0.769015
0.212954 0.892539
0.437567 0.871072
0.205648 0.139696
0.704522 0.332520
0.743298 0.550298
0.068706 0.784000
0.230822 0.180878
0.867968 0.986263
0.498477 0.671822
0.896964 0.501781
0.010486 0.135429
0.886163 0.118666
0.680269 0.639506
0.411654 0.841996
0.605767 0.848979
0.546448 0.042833
0.181238 0.092399
0.916615 0.347935
0.279601 0.052892
0.482470 0.270311
0.146185 0.851951
0.260289 0.882365
0.358609 0.374183
0.635679 0.681716
0.372573 0.001220
0.033312 0.292622
0.963097 0.628406
0.204348 0.905486
0.422985 0.820657
0.376777 0.604174
0.366988 0.902694
0.614105 0.617852
0.063464 0.245090
0.034699 0.444475
0.771809 0.607728
0.341159 0.646146
0.744257 0.692269
0.810378 0.134758
0.884419 0.436622
0.719882 0.495388
0.619647 0.142298
0.736390 0.141363
0.945501 0.515233
0.701524 0.249077
0.998860 0.123612
0.062523 0.153749
0.747050 0.221696
0.128341 0.187877
0.965377 0.459954
0.621991 0.623013
0.457908 0.699016
0.229451 0.666602
0.262885 0.702550
0.677520 0.895452
0.311910 0.217662
0.691575 0.470326
0.025108 0.834330
0.181922 0.803904
0.951335 0.176198
0.170198 0.595102
0.775078 0.119573
0.045865 0.960573
0.753798 0.691737
0.972718 0.941768
0.630339 0.821397
0.032119 0.693914
0.246228 0.722186
0.217682 0.368720
0.307192 0.083106
0.636262 0.290930
0.547770 0.691362
0.825332 0.855876
0.190652 0.447316
0.830721 0.570668
0.417627 0.014273
0.916032 0.287668
0.558785 0.704643
0.450491 0.172790
0.752337 0.829162
0.514328 0.086561
0.548706 0.659626
0.280686 0.947071
0.736862 0.528585
0.982793 0.243517
0.046935 0.969592
0.890123 0.349962
0.852319 0.487366
0.939893 0.904729
0.543861 0.979910
0.791349 0.363863
0.050808 0.851475
0.630167 0.725185
0.594478 0.163985
0.498868 0.751671
0.134405 0.255527
0.672559 0.629604
0.778975 0.761592
0.636878 0.886397
0.993008 0.033070
0.708195 0.248651
0.419847 0.728897
0.387586 0.852611
0.909796 0.806293
0.304699 0.280972
0.022531 0.434937
0.239583 0.137590
0.733267 0.620351
0.996003 0.419001
0.512325 0.124983
0.830435 0.676026
0.070942 0.429181
0.670325 0.870545
0.077778 0.877900
0.140474 0.516028
0.089504 0.934093
0.145261 0.122057
0.985487 0.742442
0.169004 0.663108
0.181092 0.140080
0.293495 0.243350
0.190453 0.078328
0.373401 0.481547
0.085555 0.208903
0.658670 0.989938
0.898587 0.955014
0.450463 0.261709
0.670938 0.428973
0.644487 0.284817
0.078917 0.127533
0.125449 0.841869
0.711735 0.395340
0.023348 0.626644
0.472896 0.261632
0.038919 0.644941
0.062162 0.265585
0.944667 0.220616
0.156142 0.294729
0.172398 0.043267
0.705052 0.479172
0.621404 0.018143
0.025010 0.765382
0.567398 0.730652
0.919532 0.176849
0.261191 0.325989
0.079855 0.662122
0.971021 0.538810
0.973400 0.729550
0.133936 0.704041
0.769127 0.467073
0.323540 0.461449
0.816094 0.893315
0.005574 0.907683
0.157588 0.661451
0.673111 0.667809
0.762583 0.522120
0.524872 0.290105
0.910525 0.675626
0.908784 0.635495
0.230428 0.427868
0.198450 0.677636
0.621726 0.690300
0.641884 0.395786
0.689414 0.277191
0.457092 0.985715
0.627938 0.023581
0.400531 0.306644
0.918551 0.271658
0.632190 0.179988
0.482137 0.171687
0.781777 0.427117
0.381661 0.979024
0.752118 0.613765
0.140662 0.402471
0.942138 0.019297
0.672255 0.573434
0.687541 0.547946
0.343054 0.318080
0.821902 0.985796
0.466807 0.422920
0.233622 0.534025
0.109651 0.003777
0.603974 0.702210
0.520065 0.355095
0.658507 0.456668
0.710548 0.812777
0.894399 0.453419
0.329785 0.163248
0.363227 0.453751
0.433909 0.151902
0.543172 0.202577
0.220430 0.385939
0.948351 0.694358
0.218187 0.671397
0.435739 0.340633
0.775882 0.755718
0.099119 0.934889
0.456802 0.492565
0.474261 0.638880
0.173463 0.849012
0.634305 0.790978
0.153749 0.262483
0.458601 0.516940
0.231369 0.580228
0.663788 0.416874
0.744589 0.130891
0.128247 0.271056
0.087658 0.529127
0.704841 0.026838
0.014979 0.469189
0.672993 0.653509
0.315739 0.743332
0.535342 0.868097
0.294634 0.652364
0.863597 0.065351
0.534112 0.044333
0.811644 0.787335
0.189158 0.642880
0.932542 0.415410
0.547541 0.754125
0.906094 0.766055
0.588414 0.538757
0.238464 0.809736
0.588198 0.121278
0.820823 0.862205
0.628932 0.004833
0.057160 0.300861
0.800537 0.002881
0.754463 0.406287
0.269167 0.665405
0.854594 0.141220
0.843325 0.947371
0.716429 0.686587
0.813909 0.207326
0.210834 0.504229
0.069564 0.912203
0.452463 0.257614
0.689196 0.005256
0.817576 0.977800
0.488903 0.760646
0.778346 0.568776
0.047346 0.998264
0.254011 0.710125
0.481773 0.366075
0.475404 0.311468
0.809250 0.113587
0.268778 0.432737
0.054003 0.373056
0.329966 0.639640
0.944968 0.083851
0.675180 0.127224
0.356307 0.895140
0.570855 0.480346
0.604162 0.730854
0.745499 0.757638
0.067243 0.874300
0.407044 0.799140
0.225563 0.357757
0.499414 0.802646
0.318175 0.210365
0.402038 0.348273
0.153145 0.218362
0.608208 0.574601
0.983848 0.290160
0.650791 0.166544
0.096152 0.476252
0.912840 0.237838
0.926315 0.678920
0.943499 0.046270
0.114087 0.886891
0.836827 0.081251
0.842128 0.648722
0.219997 0.196718
0.807941 0.863631
0.874281 0.558762
0.517841 0.296466
0.713046 0.248401
0.877576 0.882890
0.896269 0.838120
0.869295 0.572715
0.936828 0.972777
0.977569 0.468822
0.692712 0.414570
0.858596 0.422147
0.659621 0.868986
0.717954 0.371418
0.301099 0.961866
0.051371 0.883437
0.411002 0.190720
0.783173 0.185538
0.178865 0.136056
0.694750 0.654552
0.574600 0.984419
0.883565 0.993125
0.117051 0.561013
0.420520 0.627783
0.643820 0.122880
0.659759 0.850830
0.058896 0.591742
0.929602 0.082965
0.489088 0.796302
0.616614 0.540777
0.484805 0.415088
0.161443 0.363687
0.633933 0.003050
0.241043 0.498662
0.913932 0.742444
0.660020 0.841584
0.183618 0.079258
0.246526 0.536113
0.887869 0.262658
0.985578 0.514489
0.079656 0.591350
0.639405 0.111343
0.367645 0.565654
0.689644 0.795586
0.447056 0.541043
0.290793 0.492299
0.818554 0.265916
0.836322 0.731182
0.629355 0.901387
0.100393 0.934887
0.523786 0.386515
0.959243 0.381456
0.753099 0.933945
0.115489 0.915926
0.665383 0.989489
0.875216 0.668415
0.969763 0.469934
0.823346 0.847136
0.435081 0.373007
0.299051 0.297980
0.782032 0.364015
0.367492 0.929203
0.868650 0.960106
0.664198 0.830081
0.875552 0.745628
0.365966 0.550060
0.704826 0.445148
0.168391 0.057080
0.696822 0.099767
0.969785 0.402710
0.402216 0.422717
0.170585 0.255321
0.101559 0.764300
0.440283 0.415959
0.974506 0.091777
0.327451 0.144862
0.225414 0.029249
0.747879 0.702622
0.954153 0.403306
0.080672 0.416052
0.455813 0.822534
0.267813 0.580432
0.421717 0.204084
0.569281 0.948984
0.019448 0.875284
0.415497 0.619034
0.272843 0.686893
0.655715 0.367270
0.848526 0.332388
0.365592 0.710777
0.995321 0.524371
0.751969 0.887123
0.681398 0.937585
0.509749 0.217550
0.096263 0.566200
0.030030 0.918457
0.642697 0.997176
0.242446 0.481542
0.004629 0.093554
0.554204 0.946598
0.870369 0.047581
0.482507 0.865664
0.560331 0.928914
0.231081 0.317209
0.581718 0.250918
0.492423 0.103537
0.833152 0.944774
0.518274 0.210514
0.310690 0.392475
0.534258 0.992885
0.058365 0.617544
0.683652 0.202084
0.583074 0.064143
0.436012 0.376552
0.900293 0.504803
0.903029 0.660725
0.725267 0.991226
0.202171 0.180722
0.710853 0.171345
0.488763 0.816879
0.778457 0.021379
0.234693 0.614596
0.250597 0.407092
0.316772 0.838445
0.536552 0.791150
0.433281 0.888557
0.485324 0.653930
0.256168 0.676918
0.321784 0.755734
0.685652 0.572870
0.995356 0.353990
0.233836 0.990715
0.430102 0.280151
0.215336 0.932438
0.658260 0.052569
0.932539 0.106605
0.820121 0.639644
0.208412 0.190564
0.199565 0.465964
0.790255 0.066395
0.882428 0.480013
0.417252 0.785339
0.161425 0.154083
0.740519 0.580291
0.264561 0.745472
0.974688 0.966200
0.371166 0.911706
0.541256 0.220834
0.991374 0.766193
0.098371 0.673842
0.101639 0.629917
0.066406 0.485527
0.646900 0.600601
0.654362 0.966750
0.083036 0.729193
0.915401 0.364943
0.379525 0.826955
0.622480 0.232306
0.406558 0.974344
0.346082 0.341427
0.752948 0.527868
0.016404 0.724245
0.633617 0.995603
0.146399 0.037965
0.646509 0.947438
0.573663 0.494782
0.233669 0.001404
0.747223 0.210368
0.612000 0.476828
0.707406 0.707709
0.727255 0.000476
0.465179 0.368369
0.948537 0.998043
0.588739 0.784593
0.786816 0.505401
0.825185 0.536842
0.828566 0.170211
0.808379 0.705454
0.870704 0.717824
0.564308 0.582175
0.735417 0.193592
0.157967 0.056925
0.935397 0.763909
0.288516 0.319610
0.519253 0.480525
0.461588 0.534326
0.731421 0.127967
0.145835 0.931267
0.489017 0.441843
0.907178 0.352533
0.622030 0.769644
0.625176 0.477924
0.928506 0.371201
0.754471 0.492643
0.894640 0.888865
0.107567 0.549623
0.422925 0.536594
0.202248 0.408674
0.704256 0.495686
0.797381 0.534977
0.620786 0.030632
0.469210 0.612845
0.341340 0.781263
0.017982 0.645542
0.405898 0.620821
0.089821 0.228110
0.948427 0.907524
0.852774 0.573743
0.717963 0.372465
0.889174 0.409467
0.827377 0.944605
0.219662 0.997347
0.810721 0.956700
0.650516 0.311570
0.088203 0.153010
0.391273 0.422947
0.191314 0.766583
0.156176 0.135892
0.539014 0.626612
0.976436 0.293692
0.606981 0.129088
0.621009 0.037822
0.264865 0.894780
0.408274 0.031267
0.478625 0.957092
0.298020 0.155085
0.174479 0.023570
0.721904 0.375774
0.782175 0.606141
0.909590 0.814404
0.016179 0.651323
0.491949 0.712429
0.542503 0.492707
0.677583 0.925928
0.748143 0.263794
0.291311 0.830778
0.636485 0.163858
0.272424 0.694275
0.834177 0.433488
0.406794 0.430759
0.350429 0.056113
0.495639 0.586245
0.597833 0.707732
0.935921 0.475350
0.541664 0.629861
0.015128 0.148324
0.192239 0.343999
0.361687 0.671160
0.120438 0.823793
0.838058 0.961966
0.527423 0.822685
0.103625 0.025680
0.715362 0.596321
0.631907 0.732719
0.109996 0.691053
0.674503 0.378057
0.183158 0.189322
0.504262 0.362252
0.156851 0.991918
0.561061 0.195825
0.425842 0.967207
0.308243 0.594624
0.455650 0.005258
0.107052 0.797906
0.845539 0.687739
0.197045 0.843090
0.287719 0.677693
0.734375 0.607345
0.313070 0.292412
0.447992 0.730814
0.704704 0.699337
0.154255 0.434643
0.774983 0.791396
0.546579 0.287702
0.761351 0.927834
0.624843 0.127138
0.236704 0.183886
0.268083 0.178122
0.297468 0.059858
0.810724 0.386233
0.550021 0.483944
0.520638 0.199029
0.106056 0.292380
0.308465 0.761356
0.513074 0.305358
0.860510 0.085752
0.084876 0.351595
0.231247 0.896739
0.897356 0.734788
0.538165 0.907133
0.491303 0.177078
0.027011 0.205878
0.342725 0.319170
0.952559 0.975998
0.151402 0.180643
0.850034 0.444260
0.995469 0.170479
0.119691 0.642356
0.685128 0.660089
0.513202 0.638089
0.419414 0.806057
0.032529 0.840490
0.708970 0.040225
0.673222 0.295562
0.039619 0.404990
0.931174 0.028275
0.118522 0.857476
0.748146 0.596309
0.738192 0.185140
0.044128 0.563937
0.313480 0.623464
0.497154 0.982155
0.302511 0.388036
0.623458 0.604514
0.356021 0.135272
0.133718 0.210278
0.127022 0.979971
0.754760 0.757804
0.071145 0.058208
0.241702 0.240930
0.342074 0.870384
0.505233 0.119715
0.213768 0.829659
0.023406 0.463652
0.797383 0.883129
0.349413 0.839342
0.881706 0.128425
0.879553 0.367182
0.796929 0.293346
0.353875 0.885897
0.163071 0.855287
0.965749 0.402074
0.955411 0.750423
0.043875 0.069801
0.524478 0.818160
0.204220 0.809205
0.593926 0.324888
0.443174 0.706877
0.838474 0.930171
0.550015 0.792727
0.736134 0.215199
0.690858 0.260577
0.476938 0.944333
0.243192 0.495271
0.332498 0.938736
0.327939 0.922821
0.857311 0.345928
0.760178 0.369604
0.527895 0.711240
0.663525 0.242474
0.598466 0.862076
0.716138 0.804599
0.113535 0.638269
0.793458 0.415817
0.001553 0.430643
0.718535 0.505429
0.102457 0.200721
0.988517 0.428889
0.155551 0.190241
0.706585 0.969238
0.089830 0.760780
0.142338 0.609312
0.489946 0.175369
0.963294 0.014237
0.510485 0.785392
0.073249 0.482047
0.277554 0.898357
0.518362 0.091421
0.620844 0.854168
0.558869 0.413982
0.254645 0.740936
0.365156 0.963285
0.211731 0.586709
0.168652 0.692336
0.475927 0.416883
0.513321 0.465662
0.231795 0.076480
0.109453 0.090581
0.995281 0.720516
0.285201 0.424313
0.583668 0.295319
0.672951 0.071052
0.700682 0.598815
0.589027 0.572766
0.387439 0.905788
0.276517 0.239008
0.756891 0.505619
0.824830 0.798548
0.038743 0.113328
0.520451 0.780562
0.300948 0.011932
0.507233 0.807107
0.952241 0.233569
0.399638 0.450838
0.061380 0.219684
0.158198 0.177279
0.588198 0.697189
0.695810 0.946542
0.577252 0.771999
0.380220 0.610859
0.362354 0.065651
0.137376 0.372010
0.958238 0.531948
0.298391 0.857238
0.429929 0.726889
0.660013 0.535394
0.695146 0.280607
0.422561 0.941835
0.106984 0.843887
0.375203 0.222480
0.482510 0.217671
0.157678 0.033242
0.407146 0.203387
0.546922 0.803210
0.487398 0.631168
0.079716 0.736554
0.081852 0.110381
0.495361 0.775723
0.676867 0.103744
0.810850 0.701806
0.201834 0.906385
0.095107 0.336095
0.459856 0.416921
0.597005 0.489695
0.874816 0.581195
0.408532 0.761617
