1 0 2
3 2 4
5 4 6
7 6 8
0 1 10
10 1 11
1 2 12
2 3 12
11 1 12
12 3 13
3 4 14
4 5 14
13 3 14
14 5 15
5 6 16
6 7 16
15 5 16
16 7 17
7 8 18
8 9 18
17 7 18
18 9 19
0 10 20
10 11 20
20 11 21
11 12 22
12 13 22
21 11 22
22 13 23
13 14 24
14 15 24
23 13 24
24 15 25
15 16 26
16 17 26
25 15 26
26 17 27
17 18 28
18 19 28
27 17 28
28 19 29
20 21 30
30 21 31
21 22 32
22 23 32
31 21 32
32 23 33
23 24 34
24 25 34
33 23 34
34 25 35
25 26 36
26 27 36
35 25 36
36 27 37
27 28 38
28 29 38
37 27 38
29 19 39
38 29 39
37 38 39
30 31 40
31 32 40
32 33 40
40 33 41
37 39 43
41 42 43
33 34 44
34 35 44
41 33 44
35 42 44
42 41 44
35 36 45
42 35 45
36 37 45
37 43 45
43 42 45
