0 4 8
0 2 4
0 1 2
1 6 2
1 5 6
1 3 5
2 6 4
3 7 5
3 10 7
4 11 8
4 6 11
5 9 6
5 12 9
5 7 12
6 9 11
7 10 12
8 13 17
8 11 13
9 15 11
9 14 15
9 12 14
10 16 12
10 19 16
11 15 13
12 16 14
13 20 17
13 15 20
14 18 15
14 21 18
14 16 21
15 18 20
16 24 21
16 19 24
17 22 27
17 20 22
18 25 20
18 23 25
18 21 23
19 29 24
19 39 29
20 25 22
21 26 23
21 24 26
22 30 27
22 25 30
23 28 25
23 31 28
23 26 31
24 29 26
25 28 30
26 34 31
26 29 34
27 32 37
27 30 32
28 35 30
28 33 35
28 31 33
29 39 34
30 35 32
31 36 33
31 34 36
32 40 37
32 35 40
33 38 35
33 41 38
33 36 41
34 39 36
35 38 40
36 45 41
36 39 45
37 40 42
38 44 40
38 43 44
38 41 43
40 44 42
41 45 43
43 45 44
